Frequency frq	Current I	Voltage U2	Impedance Z
frq/Hz	I/mA	U2/mV	Z/Ohm

20	2.30	9052	3937.01
40	4.53	9055	2000.22
60	6.92	9060	1309.68
80	8.93	9037	1012.27
100	10.72	9035	842.75
120	12.30	9017	733.34
140	13.55	9040	667.34
160	14.36	9007	627.22
180	14.69	9017	613.98
200	14.85	9025	607.74
220	14.69	9022	614.31
240	14.52	9037	622.24
260	14.20	9047	637.22
280	13.60	9040	664.68
300	13.06	9030	691.57
320	12.46	9040	725.55
340	12.13	9037	744.83
360	11.54	9055	784.93
380	11.05	9055	819.68
400	10.61	9055	853.25
420	10.07	9055	899.29
440	9.69	9052	934.34
460	9.31	9047	971.98
480	9.04	9047	1001.20
500	8.49	9050	1065.54
520	8.28	9065	1095.33
540	7.95	9060	1139.62
560	7.73	9055	1171.00
580	7.35	9052	1231.24
600	7.08	9065	1280.24
620	6.86	9052	1318.96
640	6.65	9050	1361.72
660	6.43	9052	1408.14
680	6.21	9062	1459.02
700	6.05	9062	1498.34
720	5.89	9050	1537.72
740	5.78	9062	1568.80
760	5.61	9062	1614.35
780	5.40	9052	1677.53
800	5.18	9065	1750.33
