Frequency frq	Current I	Voltage U2	Impedance Z
frq/Hz	I/mA	U2/mV	Z/Ohm

20	1,21	9052	7464,98
40	2,19	9047	4130,04
60	3,33	9045	2714,87
80	4,58	9055	1976,50
100	6,05	9042	1495,05
120	7,62	9050	1187,04
140	9,36	9047	966,34
160	11,37	9040	794,87
180	13,82	9032	653,68
200	16,32	9027	553,25
220	17,95	9030	503,14
240	20,94	9022	430,97
260	23,49	9015	383,80
280	25,01	9017	360,55
300	24,96	9007	360,94
320	23,65	9007	380,84
340	22,78	9002	395,15
360	20,88	9020	431,97
380	18,92	9032	477,27
400	17,24	9032	523,90
420	15,83	9035	570,82
440	14,47	9047	625,26
460	13,82	9050	654,94
480	12,89	9037	700,89
500	11,92	9052	759,67
520	11,10	9047	814,99
540	10,45	9052	866,32
560	9,91	9050	913,59
580	9,25	9057	978,76
600	8,71	9055	1039,53
620	8,33	9062	1087,88
640	8,17	9055	1108,68
660	7,73	9060	1171,65
680	7,41	9055	1222,54
700	7,19	9045	1258,12
720	6,81	9050	1329,12
740	6,59	9055	1373,70
760	6,27	9060	1445,97
780	5,99	9065	1512,33
800	5,83	9052	1552,48
