Frequency frq	Current I	Voltage U2	Impedance Z
frq/Hz	I/mA	U2/mV	Z/Ohm

20	47.50	4137	87.08
40	45.28	4363	96.37
60	42.12	4706	111.73
80	39.08	5010	128.19
100	36.69	5259	143.32
120	35.12	5430	154.64
140	34.19	5552	162.38
160	33.97	5609	165.11
180	34.52	5644	163.52
200	35.82	5627	157.08
220	37.07	5629	151.85
240	39.19	5577	142.31
260	41.58	5490	132.03
280	43.86	5423	123.63
300	46.25	5326	115.14
320	47.45	5271	111.09
340	49.62	5167	104.12
360	51.74	5057	97.74
380	53.75	4948	92.05
400	55.54	4831	86.97
420	57.34	4726	82.43
440	58.15	4669	80.29
460	59.73	4565	76.42
480	61.14	4458	72.91
500	62.50	4338	69.41
520	63.80	4246	66.55
540	64.89	4137	63.75
560	65.98	4060	61.53
580	66.47	4010	60.33
600	67.50	3923	58.12
620	68.37	3816	55.82
640	69.29	3734	53.89
660	70.11	3644	51.98
680	70.92	3557	50.16
700	71.19	3535	49.65
720	71.84	3450	48.02
740	72.39	3391	46.84
760	72.98	3326	45.57
