Frequency frq	Current I	Voltage U2	Impedance Z
frq/Hz	I/mA	U2/mV	Z/Ohm

20	47,56	4119	86,62
40	45,60	4338	95,13
60	42,89	4649	108,41
80	40,49	4923	121,57
100	38,00	5167	135,98
120	35,99	5363	149,04
140	34,36	5500	160,09
160	33,16	5642	170,14
180	32,18	5726	177,94
200	31,53	5806	184,14
220	31,10	5866	188,64
240	30,66	5918	193,01
260	30,23	5960	197,19
280	29,95	5990	199,97
300	29,68	5995	201,97
320	29,68	6025	202,98
340	29,57	6045	204,40
360	29,63	6037	203,77
380	29,57	6045	204,40
400	29,68	6060	204,15
420	29,74	6047	203,36
440	29,90	6042	202,08
460	30,01	6052	201,68
480	30,23	6040	199,82
500	30,50	6035	197,88
520	30,82	6037	195,87
540	31,15	6010	192,94
560	31,48	6012	191,02
580	31,96	6005	187,86
600	32,07	5995	186,92
620	32,51	5983	184,04
640	32,94	5980	181,53
660	33,49	5958	177,92
680	33,87	5930	175,11
700	34,36	5928	172,55
720	34,79	5908	169,82
740	35,06	5900	168,29
760	35,39	5883	166,25
780	35,93	5868	163,32
800	36,42	5851	160,65
