Frequency frq	Current I	Voltage U2	Impedance Z
frq/Hz	I/mA	U2/mV	Z/Ohm

20	41,09	4801	116,83
40	38,59	5112	132,46
60	35,17	5542	157,59
80	31,31	5975	190,82
100	27,56	6333	229,77
120	23,92	6629	277,11
140	21,32	6863	321,98
160	19,85	7057	355,55
180	18,49	7182	388,40
200	17,73	7276	410,40
220	17,19	7343	427,28
240	17,35	7396	426,27
260	18,49	7408	400,64
280	20,07	7420	369,80
300	21,86	7386	337,88
320	22,89	7388	322,75
340	24,96	7353	294,65
360	26,86	7313	272,31
380	28,87	7266	251,71
400	30,71	7209	234,71
420	32,73	7142	218,24
440	34,57	7085	204,92
460	35,66	7052	197,77
480	37,29	6978	187,12
500	39,14	6886	175,94
520	40,66	6816	167,64
540	42,34	6731	158,98
560	43,86	6674	152,16
580	45,49	6595	144,96
600	46,09	6547	142,05
620	47,50	6465	136,10
640	48,86	6371	130,38
660	50,17	6296	125,50
680	51,31	6211	121,07
700	52,39	6137	117,13
720	53,48	6067	113,45
740	54,57	5998	109,91
