Frequency frq	Current I	Voltage U2	Impedance Z
frq/Hz	I/mA	U2/mV	Z/Ohm

20	47,39	4112	86,76
40	45,33	4356	96,09
60	42,56	4649	109,24
80	39,68	4968	125,19
100	37,13	5211	140,37
120	35,22	5391	153,03
140	33,92	5550	163,61
160	32,73	5669	173,24
180	31,80	5751	180,85
200	31,37	5818	185,50
220	31,15	5863	188,23
240	30,93	5898	190,68
260	30,99	5900	190,42
280	31,31	5923	189,15
300	31,75	5913	186,25
320	32,07	5918	184,51
340	32,83	5896	179,56
360	33,70	5881	174,48
380	34,79	5846	168,03
400	35,60	5823	163,56
420	36,64	5789	158,00
440	37,61	5759	153,10
460	38,32	5741	149,82
480	39,41	5709	144,87
500	40,39	5657	140,07
520	41,53	5604	134,96
540	42,56	5582	131,16
560	43,54	5537	127,19
580	44,57	5495	123,29
600	45,17	5465	121,00
620	46,15	5415	117,36
640	47,12	5361	113,76
660	48,10	5311	110,41
680	49,08	5254	107,05
700	49,89	5224	104,70
