Frequency frq	Current I	Voltage U2	Impedance Z
frq/Hz	I/mA	U2/mV	Z/Ohm

20	2.30	9060	3940.26
40	4.69	9055	1930.70
60	7.35	9052	1231.24
80	10.18	9047	888.96
100	13.27	9052	681.94
120	16.70	9030	540.80
140	20.01	9022	450.86
160	22.67	9012	397.48
180	24.47	8998	367.75
200	24.90	9010	361.83
220	24.30	9012	370.83
240	23.54	9025	383.34
260	21.86	9025	412.87
280	20.12	9032	448.92
300	18.38	9035	491.52
320	16.81	9042	538.04
340	15.39	9055	588.23
360	14.36	9050	630.16
380	13.82	9050	654.94
400	12.89	9055	702.24
420	12.02	9035	751.36
440	11.32	9062	800.66
460	10.72	9060	845.07
480	10.01	9072	905.91
500	9.47	9060	956.57
520	9.09	9052	995.76
540	8.87	9052	1020.15
560	8.44	9055	1072.99
580	8.00	9060	1131.88
600	7.68	9070	1181.23
620	7.35	9060	1232.26
640	7.08	9062	1279.89
660	6.86	9060	1320.05
680	6.54	9055	1385.12
700	6.32	9060	1433.54
720	6.16	9055	1470.68
740	5.99	9057	1511.09
760	5.78	9060	1568.37
780	5.61	9070	1615.68
800	5.45	9067	1663.54
